policy_loss:-0.0004913575,value_loss:0.06631125,policy_entropy:12.776057,approxkl:0.015634261,clipfrac:0.22583334,
policy_loss:-0.0033412278,value_loss:0.06753495,policy_entropy:12.790167,approxkl:0.015257264,clipfrac:0.22249997,
policy_loss:-0.005126332,value_loss:0.034447614,policy_entropy:12.807297,approxkl:0.010943765,clipfrac:0.15937507,
